100 2.5e-05
101 2.4e-05
102 2.3e-05
103 1.7e-05
104 1.7e-05
105 1.8e-05
106 1.7e-05
107 1.8e-05
108 2.5e-05
109 2.3e-05
110 2.8e-05
111 2.7e-05
112 2.7e-05
113 2.8e-05
114 2.9e-05
115 2.9e-05
116 2.9e-05
117 2.9e-05
118 2.7e-05
119 2.2e-05
120 2.2e-05
121 2.2e-05
122 2.3e-05
123 3.3e-05
124 2.7e-05
125 2.4e-05
126 2.4e-05
127 2.5e-05
128 2.5e-05
129 2.5e-05
130 2.9e-05
131 2.5e-05
132 2.5e-05
133 2.6e-05
134 2.5e-05
135 3.8e-05
136 3e-05
137 2.8e-05
138 2.9e-05
139 3e-05
140 3.1e-05
141 3e-05
142 3e-05
143 3.1e-05
144 3.1e-05
145 3.5e-05
146 3.2e-05
147 3.2e-05
148 3.3e-05
149 4.1e-05
150 5.1e-05
151 5e-05
152 3.5e-05
153 4.3e-05
154 3.9e-05
155 3.5e-05
156 3.6e-05
157 3.5e-05
158 3.6e-05
159 3.6e-05
160 3.6e-05
161 3.6e-05
162 3.7e-05
163 5.2e-05
164 4.9e-05
165 4e-05
166 4e-05
167 4e-05
168 4e-05
169 4e-05
170 4.1e-05
171 4.2e-05
172 4.2e-05
173 4.2e-05
174 4.3e-05
175 5.1e-05
176 4.4e-05
177 4.4e-05
178 4.5e-05
179 4.5e-05
180 4.6e-05
181 5e-05
182 3.6e-05
183 3.7e-05
184 3.6e-05
185 3.8e-05
186 3.9e-05
187 4.1e-05
188 5.3e-05
189 4e-05
190 4.6e-05
191 4.2e-05
192 4.1e-05
193 4.2e-05
194 4.1e-05
195 4.3e-05
196 4.5e-05
197 4.4e-05
198 4.5e-05
199 4.6e-05
200 4.7e-05
201 4.6e-05
202 4.6e-05
203 4.7e-05
204 4.9e-05
205 4.8e-05
206 4.9e-05
207 5e-05
208 5e-05
209 5.1e-05
210 5e-05
211 5e-05
212 5.1e-05
213 5.2e-05
214 5.3e-05
215 5.2e-05
216 5.3e-05
217 5.4e-05
218 5.5e-05
219 5.6e-05
220 5.5e-05
221 5.5e-05
222 5.6e-05
223 5.8e-05
224 5.7e-05
225 5.8e-05
226 5.8e-05
227 5.7e-05
228 5.9e-05
229 6e-05
230 5.9e-05
231 6.1e-05
232 6.2e-05
233 6.1e-05
234 6.5e-05
235 6.1e-05
236 6.2e-05
237 6.3e-05
238 6.2e-05
239 6.2e-05
240 6.3e-05
241 6.3e-05
242 6.4e-05
243 6.5e-05
244 6.7e-05
245 6.6e-05
246 6.7e-05
247 6.6e-05
248 6.7e-05
249 7.2e-05
250 5.7e-05
251 5.8e-05
252 8.7e-05
253 8.1e-05
254 7.7e-05
255 8.3e-05
256 6.9e-05
257 6.1e-05
258 6e-05
259 6e-05
260 6.3e-05
261 6.2e-05
262 6.2e-05
263 7.9e-05
264 7.3e-05
265 6.3e-05
266 6.2e-05
267 6.3e-05
268 6.5e-05
269 6.5e-05
270 6.4e-05
271 7.3e-05
272 6.5e-05
273 6.5e-05
274 8e-05
275 6.7e-05
276 6.8e-05
277 6.9e-05
278 6.8e-05
279 6.9e-05
280 7e-05
281 7e-05
282 7.1e-05
283 7.2e-05
284 7.1e-05
285 8.3e-05
286 7.3e-05
287 7.2e-05
288 7.2e-05
289 9.8e-05
290 0.000108
291 0.000108
292 8e-05
293 8.6e-05
294 0.00011
295 7.6e-05
296 6.6e-05
297 6.7e-05
298 6.6e-05
299 6.8e-05
300 6.8e-05
301 7.4e-05
302 7e-05
303 7.3e-05
304 7e-05
305 7e-05
306 7.2e-05
307 7.1e-05
308 7.3e-05
309 7.3e-05
310 7.4e-05
311 7.3e-05
312 7.3e-05
313 7.4e-05
314 7.4e-05
315 7.5e-05
316 7.5e-05
317 7.6e-05
318 7.6e-05
319 7.6e-05
320 7.7e-05
321 7.8e-05
322 7.9e-05
323 7.9e-05
324 8e-05
325 8e-05
326 8.8e-05
327 7.5e-05
328 7.6e-05
329 7.5e-05
330 7.6e-05
331 7.6e-05
332 7.6e-05
333 7.7e-05
334 7.8e-05
335 7.7e-05
336 7.8e-05
337 7.8e-05
338 7.9e-05
339 8.1e-05
340 8e-05
341 8.2e-05
342 8.2e-05
343 8.4e-05
344 8.3e-05
345 8.4e-05
346 9.6e-05
347 9e-05
348 9e-05
349 9.6e-05
350 8.7e-05
351 8.6e-05
352 9.9e-05
353 9.9e-05
354 8.8e-05
355 8.9e-05
356 8.8e-05
357 9e-05
358 9.9e-05
359 9.5e-05
360 9.8e-05
361 9.9e-05
362 0.000116
363 0.0001
364 0.000101
365 0.000124
366 0.000105
367 0.000111
368 9.7e-05
369 9.7e-05
370 9.8e-05
371 9.8e-05
372 9.9e-05
373 9.9e-05
374 0.0001
375 0.0001
376 0.0001
377 9.9e-05
378 0.000101
379 0.000101
380 0.000102
381 0.000103
382 0.000103
383 0.000103
384 0.000104
385 0.000105
386 0.000104
387 0.000106
388 0.000106
389 0.000106
390 0.000107
391 0.000109
392 0.000108
393 0.000113
394 0.000111
395 0.00011
396 0.000112
397 0.000111
398 0.000113
399 0.000112
400 0.000113
401 0.000114
402 0.000113
403 0.000115
404 0.000115
405 0.000116
406 0.000116
407 0.000117
408 0.000117
409 0.000118
410 0.000118
411 0.000119
412 0.000118
413 0.00012
414 0.000119
415 0.000121
416 0.000121
417 0.000122
418 0.000122
419 0.000123
420 0.000123
421 0.000123
422 0.000124
423 0.000124
424 0.000141
425 0.000143
426 0.000127
427 0.000127
428 0.000138
429 0.000144
430 0.000129
431 0.00013
432 0.00013
433 0.000131
434 0.000132
435 0.000133
436 0.000133
437 0.000134
438 0.000134
439 0.000135
440 0.000136
441 0.000135
442 0.000151
443 0.000147
444 0.000155
445 0.000139
446 0.000138
447 0.00014
448 0.00014
449 0.000141
450 0.000142
451 0.000157
452 0.000156
453 0.000145
454 0.000145
455 0.000146
456 0.000146
457 0.000167
458 0.000157
459 0.000148
460 0.000166
461 0.000164
462 0.00015
463 0.00015
464 0.000151
465 0.000153
466 0.000152
467 0.000161
468 0.00017
469 0.000153
470 0.000155
471 0.000156
472 0.000158
473 0.000158
474 0.00016
475 0.000159
476 0.00016
477 0.00016
478 0.000163
479 0.000162
480 0.000164
481 0.000175
482 0.000178
483 0.000165
484 0.000165
485 0.000165
486 0.000167
487 0.000167
488 0.000186
489 0.000182
490 0.000183
491 0.000185
492 0.000184
493 0.000185
494 0.000186
495 0.000187
496 0.000192
497 0.000191
498 0.00019
499 0.000191
500 0.000192
501 0.000193
502 0.000194
503 0.000197
504 0.000198
505 0.000197
506 0.000199
507 0.000199
508 0.0002
509 0.000201
510 0.000203
511 0.000201
512 0.000202
513 0.000204
514 0.000204
515 0.000205
516 0.000206
517 0.000206
518 0.000208
519 0.000209
520 0.000209
521 0.00021
522 0.000212
523 0.000211
524 0.000216
525 0.000199
526 0.000199
527 0.000199
528 0.000201
529 0.0002
530 0.000202
531 0.000202
532 0.000204
533 0.000206
534 0.000206
535 0.000206
536 0.000207
537 0.000208
538 0.000209
539 0.00021
540 0.00021
541 0.000213
542 0.000212
543 0.000213
544 0.000214
545 0.000216
546 0.000216
547 0.000219
548 0.000217
549 0.00022
550 0.00022
551 0.000222
552 0.000222
553 0.000246
554 0.000223
555 0.000224
556 0.000224
557 0.000226
558 0.000228
559 0.000227
560 0.000229
561 0.00023
562 0.000231
563 0.00023
564 0.000235
565 0.000252
566 0.000251
567 0.000256
568 0.000253
569 0.000257
570 0.000245
571 0.000344
572 0.000352
573 0.00031
574 0.000242
575 0.000243
576 0.000243
577 0.00027
578 0.000266
579 0.000246
580 0.000245
581 0.000246
582 0.000247
583 0.000247
584 0.000268
585 0.000248
586 0.000248
587 0.00025
588 0.00025
589 0.00025
590 0.00025
591 0.000252
592 0.000251
593 0.000253
594 0.000253
595 0.000253
596 0.000254
597 0.000256
598 0.000282
599 0.000269
600 0.000279
601 0.00026
602 0.000293
603 0.000263
604 0.000262
605 0.000262
606 0.000263
607 0.000298
608 0.000276
609 0.000264
610 0.000265
611 0.000289
612 0.000276
613 0.000283
614 0.000407
615 0.000374
616 0.00029
617 0.000293
618 0.000291
619 0.000293
620 0.000292
621 0.000298
622 0.000296
623 0.000298
624 0.000301
625 0.000299
626 0.0003
627 0.000303
628 0.000302
629 0.000425
630 0.000305
631 0.000304
632 0.000303
633 0.000309
634 0.000305
635 0.000307
636 0.000307
637 0.000308
638 0.000309
639 0.000309
640 0.000315
641 0.000313
642 0.000291
643 0.000293
644 0.000292
645 0.000294
646 0.000293
647 0.000297
648 0.000296
649 0.000298
650 0.000298
651 0.000299
652 0.000299
653 0.000299
654 0.000302
655 0.000304
656 0.000303
657 0.00035
658 0.000306
659 0.000307
660 0.000308
661 0.000308
662 0.00031
663 0.000311
664 0.000315
665 0.000343
666 0.000316
667 0.000317
668 0.000319
669 0.00032
670 0.00032
671 0.000339
672 0.000336
673 0.000323
674 0.000325
675 0.000326
676 0.000383
677 0.000372
678 0.000353
679 0.000354
680 0.000354
681 0.000354
682 0.000369
683 0.000355
684 0.000358
685 0.000358
686 0.000359
687 0.000363
688 0.000337
689 0.000348
690 0.000392
691 0.000338
692 0.000341
693 0.000343
694 0.000344
695 0.000345
696 0.000346
697 0.000346
698 0.000349
699 0.000372
700 0.000351
701 0.000351
702 0.000352
703 0.000353
704 0.000355
705 0.000355
706 0.000355
707 0.000356
708 0.000356
709 0.000357
710 0.00037
711 0.000389
712 0.000361
713 0.000374
714 0.000372
715 0.000361
716 0.000362
717 0.000364
718 0.000364
719 0.0004
720 0.000384
721 0.000366
722 0.000369
723 0.000386
724 0.000395
725 0.00037
726 0.000372
727 0.000371
728 0.000373
729 0.000399
730 0.000376
731 0.000375
732 0.000378
733 0.000379
734 0.000379
735 0.00038
736 0.000408
737 0.000383
738 0.000384
739 0.000386
740 0.000386
741 0.000387
742 0.000389
743 0.000389
744 0.00039
745 0.00039
746 0.000391
747 0.000391
748 0.000393
749 0.000394
750 0.000397
751 0.000416
752 0.000396
753 0.000398
754 0.000419
755 0.000401
756 0.000403
757 0.000453
758 0.000432
759 0.000436
760 0.000404
761 0.00042
762 0.000422
763 0.000483
764 0.00041
765 0.000453
766 0.000442
767 0.000443
768 0.000444
769 0.000446
770 0.000446
771 0.000429
772 0.000418
773 0.00042
774 0.000445
775 0.000424
776 0.000425
777 0.000427
778 0.000429
779 0.000428
780 0.000452
781 0.000431
782 0.00044
783 0.000447
784 0.000431
785 0.000432
786 0.000433
787 0.000433
788 0.000432
789 0.000435
790 0.000447
791 0.00045
792 0.000438
793 0.000439
794 0.00044
795 0.000441
796 0.000464
797 0.000451
798 0.000443
799 0.00047
800 0.000447
801 0.000464
802 0.000449
803 0.00045
804 0.00045
805 0.000452
806 0.000451
807 0.000454
808 0.000454
809 0.000456
810 0.000456
811 0.00046
812 0.000459
813 0.000461
814 0.000463
815 0.000464
816 0.000467
817 0.000467
818 0.00047
819 0.000471
820 0.000471
821 0.000474
822 0.000472
823 0.000473
824 0.000477
825 0.000478
826 0.000479
827 0.000482
828 0.000482
829 0.000484
830 0.000494
831 0.000495
832 0.000486
833 0.000534
834 0.000488
835 0.000504
836 0.000498
837 0.000489
838 0.000516
839 0.000491
840 0.000492
841 0.000536
842 0.000496
843 0.000497
844 0.000499
845 0.000523
846 0.000501
847 0.000549
848 0.000502
849 0.000504
850 0.000522
851 0.000509
852 0.00051
853 0.000511
854 0.000511
855 0.000513
856 0.000513
857 0.000515
858 0.000516
859 0.000536
860 0.000516
861 0.000518
862 0.000519
863 0.000539
864 0.00052
865 0.000522
866 0.000535
867 0.000536
868 0.000535
869 0.000546
870 0.000529
871 0.000567
872 0.000556
873 0.000531
874 0.000535
875 0.000533
876 0.000535
877 0.000536
878 0.000539
879 0.000561
880 0.000542
881 0.000542
882 0.000545
883 0.000543
884 0.000546
885 0.000547
886 0.000548
887 0.00055
888 0.000552
889 0.00059
890 0.000554
891 0.000555
892 0.000568
893 0.000584
894 0.000569
895 0.000572
896 0.000575
897 0.000572
898 0.000578
899 0.000565
900 0.000576
901 0.000585
902 0.00057
903 0.000573
904 0.000572
905 0.000573
906 0.000596
907 0.000577
908 0.000578
909 0.00058
910 0.000584
911 0.000583
912 0.000583
913 0.000584
914 0.000584
915 0.000588
916 0.000588
917 0.000588
918 0.00059
919 0.000593
920 0.000593
921 0.00061
922 0.000598
923 0.000623
924 0.000615
925 0.000627
926 0.000605
927 0.000633
928 0.000607
929 0.000608
930 0.000609
931 0.00061
932 0.000612
933 0.000614
934 0.000616
935 0.000617
936 0.000642
937 0.000619
938 0.000658
939 0.000624
940 0.000647
941 0.000625
942 0.000628
943 0.000631
944 0.00063
945 0.000632
946 0.000652
947 0.000675
948 0.000684
949 0.000635
950 0.000734
951 0.000869
952 0.000664
953 0.000664
954 0.000645
955 0.000684
956 0.000654
957 0.00067
958 0.000649
959 0.000649
960 0.000648
961 0.000649
962 0.00065
963 0.000652
964 0.000654
965 0.000654
966 0.000655
967 0.000657
968 0.000659
969 0.000659
970 0.000681
971 0.000661
972 0.000665
973 0.000662
974 0.000694
975 0.000666
976 0.000691
977 0.000697
978 0.000669
979 0.000672
980 0.00072
981 0.000673
982 0.000716
983 0.000677
984 0.00068
985 0.00068
986 0.000703
987 0.000684
988 0.000684
989 0.000683
990 0.000683
991 0.000685
992 0.000686
993 0.000725
994 0.000729
995 0.00069
996 0.000691
997 0.000691
998 0.000703
999 0.000729
