100 0.00001599999995960388
101 0.00001499999962106813
102 0.00001499999962106813
103 0.00001400000019202707
104 0.00001299999985349132
105 0.00001400000019202707
106 0.00001400000019202707
107 0.00001499999962106813
108 0.00001499999962106813
109 0.00001400000019202707
110 0.00001400000019202707
111 0.00001400000019202707
112 0.00001499999962106813
113 0.00001599999995960388
114 0.00001400000019202707
115 0.00001599999995960388
116 0.00001599999995960388
117 0.00001599999995960388
118 0.00001700000029813964
119 0.00001499999962106813
120 0.00001599999995960388
121 0.00001700000029813964
122 0.00002499999936844688
123 0.00002200000017182902
124 0.00001700000029813964
125 0.00003500000093481503
126 0.00002700000004551839
127 0.00002900000072258990
128 0.00002800000038405415
129 0.00002800000038405415
130 0.00002700000004551839
131 0.00002800000038405415
132 0.00002999999924213625
133 0.00002900000072258990
134 0.00002999999924213625
135 0.00002999999924213625
136 0.00003199999991920777
137 0.00002900000072258990
138 0.00003300000025774352
139 0.00003300000025774352
140 0.00003199999991920777
141 0.00003400000059627928
142 0.00003700000161188655
143 0.00002999999924213625
144 0.00002900000072258990
145 0.00002700000004551839
146 0.00002900000072258990
147 0.00002900000072258990
148 0.00002900000072258990
149 0.00002999999924213625
150 0.00002999999924213625
151 0.00002999999924213625
152 0.00003300000025774352
153 0.00003099999958067201
154 0.00003199999991920777
155 0.00003400000059627928
156 0.00003300000025774352
157 0.00003500000093481503
158 0.00003500000093481503
159 0.00003400000059627928
160 0.00003500000093481503
161 0.00003500000093481503
162 0.00003700000161188655
163 0.00003500000093481503
164 0.00003600000127335079
165 0.00003700000161188655
166 0.00003799999831244349
167 0.00003799999831244349
168 0.00003799999831244349
169 0.00003899999865097925
170 0.00003899999865097925
171 0.00003899999865097925
172 0.00004099999932805076
173 0.00004199999966658652
174 0.00004099999932805076
175 0.00004300000000512227
176 0.00004300000000512227
177 0.00004199999966658652
178 0.00004400000034365803
179 0.00004400000034365803
180 0.00004500000068219379
181 0.00004400000034365803
182 0.00004600000102072954
183 0.00004600000102072954
184 0.00004700000135926530
185 0.00004700000135926530
186 0.00004700000135926530
187 0.00004800000169780105
188 0.00004899999839835800
189 0.00004199999966658652
190 0.00004099999932805076
191 0.00004199999966658652
192 0.00004400000034365803
193 0.00004199999966658652
194 0.00004500000068219379
195 0.00004500000068219379
196 0.00004600000102072954
197 0.00004199999966658652
198 0.00004300000000512227
199 0.00004300000000512227
